OPCODE E X8M8 X16M8 X8M16 X16M16
0x00   6    7     7     7      7
0x01   5    5     5     6      6
0x02   7    8     8     8      8
0x03   3    3     3     4      4
0x04   4    4     4     6      6
0x05   3    3     3     4      4
0x06   4    4     4     6      6
0x07   6    6     6     7      7
0x08   2    2     2     2      2
0x09   2    2     2     3      3
0x0A   1    1     1     1      1
0x0B   3    3     3     3      3
0x0C   5    5     5     7      7
0x0D   4    4     4     5      5
0x0E   5    5     5     7      7
0x0F   4    4     4     5      5
0x10   2    2     2     2      2
0x11   5    5     5     6      6
0x12   5    5     5     6      6
0x13   5    5     5     6      6
0x14   4    4     4     6      6
0x15   3    3     3     4      4
0x16   4    4     4     6      6
0x17   6    6     6     7      7
0x18   1    1     1     1      1
0x19   4    4     4     5      5
0x1A   1    1     1     1      1
0x1B   1    1     1     1      1
0x1C   5    5     5     7      7
0x1D   4    4     4     5      5
0x1E   5    5     5     7      7
0x1F   5    5     5     6      6
0x20   5    5     5     5      5
0x21   5    5     5     6      6
0x22   6    6     6     6      6
0x23   3    3     3     4      4
0x24   3    3     3     4      4
0x25   3    3     3     4      4
0x26   4    4     4     6      6
0x27   6    6     6     7      7
0x28   2    2     2     2      2
0x29   2    2     2     3      3
0x2A   1    1     1     1      1
0x2B   3    3     3     3      3
0x2C   4    4     4     5      5
0x2D   4    4     4     5      5
0x2E   5    5     5     7      7
0x2F   4    4     4     5      5
0x30   2    2     2     2      2
0x31   5    5     5     6      6
0x32   5    5     5     6      6
0x33   5    5     5     6      6
0x34   3    3     3     4      4
0x35   3    3     3     4      4
0x36   4    4     4     6      6
0x37   6    6     6     7      7
0x38   1    1     1     1      1
0x39   4    4     4     5      5
0x3A   1    1     1     1      1
0x3B   1    1     1     1      1
0x3C   4    4     4     5      5
0x3D   4    4     4     5      5
0x3E   5    5     5     7      7
0x3F   5    5     5     6      6
0x40   4    5     5     5      5
0x41   5    5     5     6      6
0x42   2    2     2     2      2
0x43   3    3     3     4      4
0x44   5    5     5     5      5
0x45   3    3     3     4      4
0x46   4    4     4     6      6
0x47   6    6     6     7      7
0x48   2    2     2     3      3
0x49   2    2     2     3      3
0x4A   1    1     1     1      1
0x4B   2    2     2     2      2
0x4C   3    3     3     3      3
0x4D   4    4     4     5      5
0x4E   5    5     5     7      7
0x4F   4    4     4     5      5
0x50   2    2     2     2      2
0x51   5    5     5     6      6
0x52   5    5     5     6      6
0x53   5    5     5     6      6
0x54   5    5     5     5      5
0x55   3    3     3     4      4
0x56   4    4     4     6      6
0x57   6    6     6     7      7
0x58   1    1     1     1      1
0x59   4    4     4     5      5
0x5A   2    2     3     2      3
0x5B   1    1     1     1      1
0x5C   3    3     3     3      3
0x5D   4    4     4     5      5
0x5E   5    5     5     7      7
0x5F   5    5     5     6      6
0x60   3    3     3     3      3
0x61   5    5     5     6      6
0x62   5    5     5     5      5
0x63   3    3     3     4      4
0x64   3    3     3     4      4
0x65   3    3     3     4      4
0x66   4    4     4     6      6
0x67   6    6     6     7      7
0x68   2    2     2     3      3
0x69   2    2     2     3      3
0x6A   1    1     1     1      1
0x6B   4    4     4     4      4
0x6C   5    5     5     5      5
0x6D   4    4     4     5      5
0x6E   5    5     5     7      7
0x6F   4    4     4     5      5
0x70   2    2     2     2      2
0x71   5    5     5     6      6
0x72   5    5     5     6      6
0x73   5    5     5     6      6
0x74   3    3     3     4      4
0x75   3    3     3     4      4
0x76   4    4     4     6      6
0x77   6    6     6     7      7
0x78   1    1     1     1      1
0x79   4    4     4     5      5
0x7A   2    2     3     2      3
0x7B   1    1     1     1      1
0x7C   5    5     5     5      5
0x7D   4    4     4     5      5
0x7E   5    5     5     7      7
0x7F   5    5     5     6      6
0x80   2    2     2     2      2
0x81   5    5     5     6      6
0x82   3    3     3     3      3
0x83   3    3     3     4      4
0x84   3    3     4     3      4
0x85   3    3     3     4      4
0x86   3    3     4     3      4
0x87   6    6     6     7      7
0x88   1    1     1     1      1
0x89   2    2     2     3      3
0x8A   1    1     1     1      1
0x8B   2    2     2     2      2
0x8C   4    4     5     4      5
0x8D   4    4     4     5      5
0x8E   4    4     5     4      5
0x8F   4    4     4     5      5
0x90   2    2     2     2      2
0x91   5    5     5     6      6
0x92   5    5     5     6      6
0x93   5    5     5     6      6
0x94   3    3     4     3      4
0x95   3    3     3     4      4
0x96   3    3     4     3      4
0x97   6    6     6     7      7
0x98   1    1     1     1      1
0x99   4    4     4     5      5
0x9A   1    1     1     1      1
0x9B   1    1     1     1      1
0x9C   4    4     4     5      5
0x9D   4    4     4     5      5
0x9E   4    4     4     5      5
0x9F   5    5     5     6      6
0xA0   2    2     3     2      3
0xA1   5    5     5     6      6
0xA2   2    2     3     2      3
0xA3   3    3     3     4      4
0xA4   3    3     4     3      4
0xA5   3    3     3     4      4
0xA6   3    3     4     3      4
0xA7   6    6     6     7      7
0xA8   1    1     1     1      1
0xA9   2    2     2     3      3
0xAA   1    1     1     1      1
0xAB   2    2     2     2      2
0xAC   4    4     5     4      5
0xAD   4    4     4     5      5
0xAE   4    4     5     4      5
0xAF   4    4     4     5      5
0xB0   2    2     2     2      2
0xB1   5    5     5     6      6
0xB2   5    5     5     6      6
0xB3   5    5     5     6      6
0xB4   3    3     4     3      4
0xB5   3    3     3     4      4
0xB6   3    3     4     3      4
0xB7   6    6     6     7      7
0xB8   1    1     1     1      1
0xB9   4    4     4     5      5
0xBA   1    1     1     1      1
0xBB   1    1     1     1      1
0xBC   4    4     5     4      5
0xBD   4    4     4     5      5
0xBE   4    4     5     4      5
0xBF   5    5     5     6      6
0xC0   2    2     3     2      3
0xC1   5    5     5     6      6
0xC2   2    2     2     2      2
0xC3   3    3     3     4      4
0xC4   3    3     4     3      4
0xC5   3    3     3     4      4
0xC6   4    4     4     6      6
0xC7   6    6     6     7      7
0xC8   1    1     1     1      1
0xC9   2    2     2     3      3
0xCA   1    1     1     1      1
0xCB   1    1     1     1      1
0xCC   4    4     5     4      5
0xCD   4    4     4     5      5
0xCE   5    5     5     7      7
0xCF   4    4     4     5      5
0xD0   2    2     2     2      2
0xD1   5    5     5     6      6
0xD2   5    5     5     6      6
0xD3   5    5     5     6      6
0xD4   6    6     6     6      6
0xD5   3    3     3     4      4
0xD6   4    4     4     6      6
0xD7   6    6     6     7      7
0xD8   1    1     1     1      1
0xD9   4    4     4     5      5
0xDA   2    2     3     2      3
0xDB   1    1     1     1      1
0xDC   6    6     6     6      6
0xDD   4    4     4     5      5
0xDE   5    5     5     7      7
0xDF   5    5     5     6      6
0xE0   2    2     3     2      3
0xE1   5    5     5     6      6
0xE2   2    2     2     2      2
0xE3   3    3     3     4      4
0xE4   3    3     4     3      4
0xE5   3    3     3     4      4
0xE6   4    4     4     6      6
0xE7   6    6     6     7      7
0xE8   1    1     1     1      1
0xE9   2    2     2     3      3
0xEA   1    1     1     1      1
0xEB   1    1     1     1      1
0xEC   4    4     5     4      5
0xED   4    4     4     5      5
0xEE   5    5     5     7      7
0xEF   4    4     4     5      5
0xF0   2    2     2     2      2
0xF1   5    5     5     6      6
0xF2   5    5     5     6      6
0xF3   5    5     5     6      6
0xF4   5    5     5     5      5
0xF5   3    3     3     4      4
0xF6   4    4     4     6      6
0xF7   6    6     6     7      7
0xF8   1    1     1     1      1
0xF9   4    4     4     5      5
0xFA   2    2     3     2      3
0xFB   1    1     1     1      1
0xFC   7    7     7     7      7
0xFD   4    4     4     5      5
0xFE   5    5     5     7      7
0xFF   5    5     5     6      6